452
541
655
722
766
795
813
825
833
839
594
444
556
661
728
769
796
813
826
835
821
578
434
567
668
730
772
799
816
828
835
791
560
423
578
676
737
775
799
817
825
835
761
547
435
591
684
740
778
800
818
831
836
734
530
455
600
688
743
780
804
819
830
837
712
517
472
610
695
750
784
805
817
830
838
691
501
489
620
700
753
787
807
819
830
838
670
491
502
629
707
755
787
810
823
830
839
651
478
517
637
713
761
789
809
825
831
839
632
466
530
646
718
764
791
809
825
831
838
612
455
545
655
723
766
795
813
824
834
840
594
444
557
662
727
770
795
813
826
835
819
576
433
569
668
731
773
798
815
828
833
790
561
422
578
676
737
774
801
815
826
834
763
543
434
591
683
741
779
801
819
828
835
738
531
455
600
690
746
780
805
819
830
837
714
518
472
610
695
748
783
805
821
830
837
691
504
490
621
701
751
786
807
821
829
837
667
490
501
628
708
756
789
808
822
831
838
650
477
516
636
711
759
791
811
824
832
839
629
466
530
647
715
762
793
812
824
832
839
613
454
542
653
721
766
793
813
824
833
838
595
441
554
660
728
769
794
814
827
833
825
579
433
567
667
732
774
798
816
826
835
793
561
424
578
674
735
775
798
815
828
834
767
548
428
587
680
739
777
803
819
828
834
743
533
449
600
688
743
781
803
819
827
838
720
521
467
605
695
746
782
805
819
829
837
700
508
483
617
699
750
784
807
821
830
838
677
495
497
624
705
754
788
807
823
832
836
