0.0
0.010000000000000002
0.04000000000000001
0.09000000000000002
0.16000000000000003
0.25
0.3600000000000001
0.4900000000000001
0.6400000000000001
0.81
1.0
1.2100000000000002
1.4400000000000004
1.6900000000000002
1.9600000000000004
2.25
2.5600000000000005
2.8900000000000006
3.24
3.6100000000000003
4.0
4.41
4.840000000000001
5.290000000000001
5.760000000000002
6.25
6.760000000000001
7.290000000000001
7.840000000000002
8.410000000000002
9.0
9.610000000000001
10.240000000000002
10.890000000000002
11.560000000000002
12.25
12.96
13.690000000000001
14.440000000000001
15.210000000000003
16.0
16.810000000000006
17.64
18.49
19.360000000000003
20.25
21.160000000000004
22.090000000000003
23.040000000000006
24.010000000000005
25.0
26.010000000000005
27.040000000000003
28.090000000000007
29.160000000000004
30.25
31.360000000000007
32.49
33.64000000000001
34.81
36.0
37.21000000000001
38.440000000000005
