-3840
1856
9152
13440
16256
18112
19264
20032
20544
20928
5248
-4352
2816
9536
13824
16448
18176
19264
20096
20672
19776
4224
-4992
3520
9984
13952
16640
18368
19456
20224
20672
17856
3072
-5696
4224
10496
14400
16832
18368
19520
20032
20672
15936
2240
-4928
5056
11008
14592
17024
18432
19584
20416
20736
14208
1152
-3648
5632
11264
14784
17152
18688
19648
20352
20800
12800
320
-2560
6272
11712
15232
17408
18752
19520
20352
20864
11456
-704
-1472
6912
12032
15424
17600
18880
19648
20352
20864
10112
-1344
-640
7488
12480
15552
17600
19072
19904
20352
20928
8896
-2176
320
8000
12864
15936
17728
19008
20032
20416
20928
7680
-2944
1152
8576
13184
16128
17856
19008
20032
20416
20864
6400
-3648
2112
9152
13504
16256
18112
19264
19968
20608
20992
5248
-4352
2880
9600
13760
16512
18112
19264
20096
20672
19648
4096
-5056
3648
9984
14016
16704
18304
19392
20224
20544
17792
3136
-5760
4224
10496
14400
16768
18496
19392
20096
20608
16064
1984
-4992
5056
10944
14656
17088
18496
19648
20224
20672
14464
1216
-3648
5632
11392
14976
17152
18752
19648
20352
20800
12928
384
-2560
6272
11712
15104
17344
18752
19776
20352
20800
11456
-512
-1408
6976
12096
15296
17536
18880
19776
20288
20800
9920
-1408
-704
7424
12544
15616
17728
18944
19840
20416
20864
8832
-2240
256
7936
12736
15808
17856
19136
19968
20480
20928
7488
-2944
1152
8640
12992
16000
17984
19200
19968
20480
20928
6464
-3712
1920
9024
13376
16256
17984
19264
19968
20544
20864
5312
-4544
2688
9472
13824
16448
18048
19328
20160
20544
20032
4288
-5056
3520
9920
14080
16768
18304
19456
20096
20672
17984
3136
-5632
4224
10368
14272
16832
18304
19392
20224
20608
16320
2304
-5376
4800
10752
14528
16960
18624
19648
20224
20608
14784
1344
-4032
5632
11264
14784
17216
18624
19648
20160
20864
13312
576
-2880
5952
11712
14976
17280
18752
19648
20288
20800
12032
-256
-1856
6720
11968
15232
17408
18880
19776
20352
20864
10560
-1088
-960
7168
12352
15488
17664
18880
19904
20480
20736
